Results
Loss: [17814568960.0, 0.633451521396637, 0.6389033794403076, 0.5836232900619507, 0.5985845327377319, 0.6354503631591797, 0.631433367729187, 0.6309382915496826, 0.6268072724342346, 0.6145852208137512]
Accuracy: [0.7270765900611877, 0.6752966642379761, 0.6655879020690918, 0.7324703335762024, 0.7162891030311584, 0.6731391549110413, 0.6763753890991211, 0.6785328984260559, 0.6839826703071594, 0.6990291476249695]