Results
Loss: [49984548864.0, 0.6181936860084534, 0.6155507564544678, 0.6334272027015686, 0.6177098155021667, 0.6180200576782227, 0.6094318628311157, 0.6199958920478821, 0.6183031797409058, 0.6188784837722778]
Accuracy: [0.6709816455841064, 0.692556619644165, 0.6968716382980347, 0.6774541735649109, 0.6947141289710999, 0.692556619644165, 0.7033441066741943, 0.6936354041099548, 0.6937229633331299, 0.6947141289710999]